DD US Equity,6/30/2000,6/30/2003,0,-5%,-0.02769833,0.03375274,0.06702960,0.31828900,0.02704800,0.02704800,0.06104507,-0.01172715,0.03095557,0.14901600,-0.02191900,-0.02191900,0.19191300,0.07926121,0.18473893,0.25620200,0.09143400,0.09143400,0.30626907,0.13079430,0.33049782,0.55199400,0.23808800,0.23808800,-0.10231953,-0.09056696,0.65451608,0.03398900,-0.06117500,-0.06117500,-0.01141647,-0.09549161,-0.00286308,0.06319400,-0.03037300,-0.03037300,0.00209029,-0.11631510,-0.06503746,0.32137500,-0.00505800,-0.00505800,-0.03005986,-0.10935240,-0.10161127,0.17578600,-0.03005500,-0.03005500,0.10131514,0.02274357,0.49722330,0.16527900,0.11853300,0.11853300,0.79064893,-0.31486979,1.47800931,0.81191900,-0.17623300,-0.17623300,43.30442660,-36.30409126,-9.42999340,48.65000000,-39.39000000,-39.39000000,-0.21101264,-0.24918110,0.08479305,0.08773400,0.12674900,0.12674900,-0.96680457,-7.24111111,12.33407001,-0.78633100,-7.95490200,-7.95490200,-0.61701333,0.34533043,-0.67848066,15.84560000,5.16100000,5.16100000,-1.70731732,0.18026140,-0.34504210,11.53090000,1.90200000,1.90200000,-0.38688356,-0.46829463,-0.26246203,8.87200000,-5.71130000,-5.71130000,-2.35934958,-0.36563356,-0.56658097,0.53900000,-0.01210000,-0.01210000,-0.55700059,0.27677000,-0.29324375,0.39335000,-0.19925857,0.39779000,-0.00157225,0.39133000,-0.00434513,0.00345000,0.00291221,0.18065500,-0.59060369,0.89492700,0.01021575,0.28936100,0.00049767,0.00247500,-0.00517200,0.00417800,0.00218736,0.07915300,-0.02968261,0.00006431,-0.00007084,-0.00007084,-0.00434513,-0.01945242,0.00345000,-0.00696100,-0.00696100,,,,,,,,,,,,
DD US Equity,12/31/2000,12/31/2003,0,-4%,-0.02477344,0.00095916,0.06040628,0.30585800,-0.01808700,-0.01808700,0.03676538,-0.04208056,-0.01173355,0.11971100,-0.04721000,-0.04721000,0.03668869,-0.18492891,-0.06305060,0.08185900,-0.19798100,-0.19798100,-0.03739243,-0.39283743,-0.19925566,0.17930000,-0.40370100,-0.40370100,-0.02998473,0.09849853,-0.02160852,0.08968200,0.05431300,0.05431300,-0.06347681,-0.14660488,-0.08810803,0.06263400,-0.04281600,-0.04281600,0.06628814,0.02038100,-0.01247686,0.26334600,-0.08474700,-0.08474700,0.01388786,0.04838029,-0.04644522,0.22319100,0.05576900,0.05576900,-0.02870543,-0.12490057,0.19403357,0.02867500,-0.08086600,-0.08086600,-0.74072757,-1.24717064,-1.46580521,-0.69909000,-1.41560800,-1.41560800,45.44027000,-39.39162993,14.37291000,50.70000000,-42.45000000,-42.45000000,-0.19458536,-0.23418897,0.00456141,-0.16456900,-0.26967500,-0.26967500,-0.06978286,0.41140345,0.41345407,0.24171100,0.37972800,0.37972800,-0.00204758,0.62772332,0.98602978,16.00610000,5.96840000,5.96840000,-1.69615780,0.31097233,-0.52793020,11.66030000,3.11640000,3.11640000,-0.07352013,0.06771868,0.18576854,11.27340000,-1.40560000,-1.40560000,-2.63745220,-0.79910538,-0.70730871,0.46070000,-0.11680000,-0.11680000,-0.97032000,0.39249000,-0.46240063,0.41957000,-0.29758667,0.42912000,-0.07788931,0.35142500,0.00095056,0.00435000,-0.03934921,0.13942600,-0.82103569,0.75830700,-0.04941344,0.25123000,-0.00627913,0.00317500,-0.01003325,0.00511900,0.01179579,0.08187800,-0.03344786,0.00016688,0.00010536,0.00010536,0.00095056,-0.01292657,0.00435000,-0.00346700,-0.00346700,,,,,,,,,,,,
DD US Equity,6/30/2001,6/30/2004,0,-8%,-0.01713094,0.01056740,0.04432013,0.29360900,-0.02468000,-0.02468000,0.03633181,-0.02471325,-0.03644040,0.09625400,-0.05276200,-0.05276200,0.04167263,-0.15024038,-0.07097916,0.04151500,-0.21468700,-0.21468700,-0.03700973,-0.34327880,-0.21248450,0.08597700,-0.46601700,-0.46601700,-0.04258053,0.05973900,-0.03082796,0.07084400,0.03685500,0.03685500,-0.02244006,-0.01102360,-0.10651521,0.02933200,-0.03386200,-0.03386200,0.04876213,0.04667185,-0.06964325,0.20116200,-0.12021300,-0.12021300,-0.02216660,0.00789326,-0.10145914,0.15860600,-0.01718000,-0.01718000,-0.08964929,-0.19096443,-0.16822086,-0.10283800,-0.26811700,-0.26811700,-0.72918807,-1.51983700,-1.83470679,-0.85462400,-1.66654300,-1.66654300,27.58883438,-15.71559223,-52.01968348,31.54000000,-17.11000000,-17.11000000,-0.19982907,0.01118357,-0.23799753,-0.30507700,-0.39281100,-0.39281100,-0.09831894,0.86848563,-6.37262548,-0.73077600,0.05555500,0.05555500,0.59620213,1.21321545,1.55854588,34.07500000,18.22940000,18.22940000,-0.59519027,1.11212705,1.29238845,19.17920000,7.64830000,7.64830000,0.54542174,0.93230530,0.46401067,13.76680000,4.89480000,4.89480000,-5.88478189,-3.52543231,-3.89106587,0.55640000,0.01740000,0.01740000,-0.36013412,0.23386000,-0.27713563,0.28030000,-0.34677933,0.37171000,-0.12468141,0.37420800,-0.00017125,0.00186200,-0.04938353,0.10338600,-0.83143271,0.85002400,-0.05969453,0.27068500,-0.00191406,0.00138900,-0.01049175,0.00297700,0.00548238,0.07267500,-0.01544437,0.00012839,0.00006408,0.00006408,-0.00017125,0.00417388,0.00186200,-0.00158800,-0.00158800,,,,,,,,,,,,
DD US Equity,12/31/2002,12/31/2005,0,0%,-0.04444412,-0.00798671,-0.01967068,0.26714200,-0.00297900,-0.00297900,0.02548824,0.01307588,-0.01127714,0.09297700,0.02292900,0.02292900,0.15624347,-0.02428947,0.11955478,0.17548300,0.00000000,0.00000000,0.17802019,0.00960045,0.21541262,0.31741000,0.00000000,0.00000000,-0.00804494,0.05559426,0.02193980,0.08729200,0.03626400,0.03626400,-0.04189353,0.05229953,0.02158328,0.01822400,-0.00091100,-0.00091100,0.00066000,0.02822667,-0.06562814,0.19374200,0.06674900,0.06674900,-0.01395113,0.07232321,-0.02783898,0.17351700,0.08252500,0.08252500,-0.04173931,0.02667262,-0.01303388,-0.02911900,0.09618200,0.09618200,2.03788707,1.86134685,2.77861464,0.87510800,0.00000000,0.00000000,17.52306353,-2.08640824,-27.91720647,20.48000000,-2.61000000,-2.61000000,-0.10005975,-2.06907048,0.09452561,0.07487100,0.41011100,0.41011100,0.26841306,0.18749112,0.33819592,0.32324400,0.67568700,0.67568700,0.70170826,-0.18651697,0.70375584,54.70570000,1.66680000,1.66680000,-0.45891366,0.14709769,1.23724414,23.18950000,3.17210000,3.17210000,0.34872000,-0.04894683,0.42224014,12.67470000,-0.58410000,-0.58410000,-3.42321056,-0.27007264,-0.78575836,0.65020000,0.12950000,0.12950000,-0.45180294,0.15125000,-0.39915625,0.33350000,-0.30138667,0.34663000,-0.46957376,0.14679600,-0.02046806,0.00240600,-0.05294675,0.10626500,-0.74193929,0.77407700,-0.06875765,0.19733700,-0.00070894,0.00112400,-0.00165853,0.00299800,-0.00106024,0.05921100,0.03332853,0.00022059,0.00009991,0.00009991,-0.02046806,-0.02549212,0.00240600,-0.00638300,-0.00638300,,,,,,,,,,,,
DD US Equity,12/31/2003,12/31/2006,0,6%,-0.07587100,-0.03142688,-0.03941359,0.23184900,-0.03529300,-0.03529300,-0.00570622,-0.03119446,-0.01811858,0.06186100,-0.03111600,-0.03111600,0.02193906,-0.13430442,-0.15859389,0.03604200,-0.13944100,-0.13944100,-0.03580775,-0.21382794,-0.20422748,0.10484500,-0.21256500,-0.21256500,-0.03846625,-0.03042131,0.02517295,0.07706100,-0.01023100,-0.01023100,0.00968567,0.05157920,0.10387873,0.02525900,0.00703500,0.00703500,-0.00372338,-0.00438338,0.02384329,0.18181800,-0.01192400,-0.01192400,0.00520775,0.01915888,0.09148208,0.18062100,0.00710400,0.00710400,0.01040838,0.05214769,0.07882031,0.12455200,0.15367100,0.15367100,-1.42838700,-3.46627407,-1.60492721,0.87510800,0.00000000,0.00000000,25.15543122,7.63236769,5.54595946,28.69000000,8.21000000,8.21000000,0.13251731,0.23257706,-1.83649342,-0.13157200,-0.20644300,-0.20644300,0.59144588,0.32303282,0.51052394,0.61228200,0.28903800,0.28903800,0.59800075,-0.10370751,-0.29022448,39.63950000,-15.06620000,-15.06620000,-0.00472337,0.45419030,0.60128799,18.61850000,-4.57100000,-4.57100000,0.59883212,0.25011211,0.20116528,16.41560000,3.74090000,3.74090000,-2.52169516,0.90151540,0.63144275,0.64670000,-0.00350000,-0.00350000,-0.34056667,0.08867000,-0.32708765,0.17847000,-0.35136750,0.22832000,-0.07439633,0.33753000,-0.00212333,0.00211400,-0.09004613,0.08605800,-0.56225344,1.07030600,0.02022611,0.27579000,-0.01210844,0.00113200,-0.02336156,0.00280900,-0.01295971,0.04411300,0.04711771,0.00015699,-0.00006360,-0.00006360,-0.00212333,0.01834473,0.00211400,-0.00029200,-0.00029200,,,,,,,,,,,,
DD US Equity,6/30/2004,6/30/2007,0,14%,-0.06844111,-0.00828993,-0.02835135,0.24100800,-0.01054800,-0.01054800,-0.00145317,-0.01475323,-0.02680458,0.07459500,-0.00378900,-0.00378900,0.00430800,-0.05250159,-0.17184188,0.03309800,-0.04634300,-0.04634300,-0.12254682,-0.12890582,-0.33667307,0.09368800,-0.10146000,-0.10146000,-0.04678125,-0.02045869,-0.00714394,0.07706100,0.00000000,0.00000000,0.02258650,0.01481121,0.17423815,0.03879100,0.01345500,0.01345500,-0.00724671,-0.01194221,-0.01251771,0.21343500,0.01993000,0.01993000,0.01695047,0.00634528,0.05751391,0.22205300,0.03125500,0.03125500,-0.02076819,-0.01383500,0.03067201,0.10485100,0.02771700,0.02771700,-1.29943538,-1.58793991,-2.36107224,-0.53967500,-1.41478300,-1.41478300,29.22183067,7.89478773,14.05759125,33.00000000,8.50000000,8.50000000,-0.29455075,-0.20018975,3.10483472,-0.00864700,0.01478000,0.01478000,0.68889412,-0.17641135,0.84639706,0.05983400,-0.55244800,-0.55244800,0.33727560,0.07101547,-1.04377681,25.75260000,-13.58190000,-13.58190000,0.20038513,-0.30232106,0.49054115,15.05580000,-5.17320000,-5.17320000,0.16626917,-0.33352737,-0.22665895,13.97980000,0.15520000,0.15520000,-1.38373736,1.46331818,1.45130472,0.84680000,0.18570000,0.18570000,-0.21718167,0.12193000,-0.28595778,0.16354000,-0.30183294,0.18503000,-0.19409889,0.18962100,-0.00030700,0.00469300,-0.09169524,0.09808300,-0.54120861,0.95100500,0.01636444,0.27057600,-0.00092172,0.00176600,-0.01904022,0.00338700,-0.02180628,0.03469000,-2650779.32134295,0.00019136,0.00004218,0.00004218,-0.00030700,0.00435341,0.00469300,0.00325100,0.00325100,,,,,,,,,,,,
DD US Equity,12/31/2004,12/31/2007,0,-10%,-0.05348200,0.02238900,-0.00903788,0.25325500,0.02140600,0.02140600,0.00537794,0.01108417,-0.02011029,0.08145600,0.01959500,0.01959500,0.04248600,0.02054694,-0.11375747,0.06510600,0.02906400,0.02906400,-0.02340841,0.01239934,-0.20142860,0.17114700,0.06630200,0.06630200,-0.02902456,0.00944169,-0.02097963,0.07706100,0.00000000,0.00000000,0.03662061,0.02693494,0.07851414,0.04098600,0.01572700,0.01572700,0.00689282,0.01061620,0.00623282,0.21533600,0.03351800,0.03351800,0.06548006,0.06027231,0.07943118,0.23042000,0.04979900,0.04979900,-0.12497665,-0.13538502,-0.08323733,0.01274300,-0.11180900,-0.11180900,0.14741706,1.57580406,-1.89047001,0.82939400,-0.04571400,-0.04571400,28.78992911,3.63449789,11.26686558,32.31000000,3.62000000,3.62000000,-0.03790024,-0.17041755,0.06215951,0.09834100,0.22991300,0.22991300,-0.30571750,-0.89716338,-0.57413056,0.05983400,-0.55244800,-0.55244800,-0.05850685,-0.65650760,-0.76021512,24.37810000,-15.26140000,-15.26140000,-2.01827845,-2.01355508,-1.55936478,16.42450000,-2.19400000,-2.19400000,-0.50105974,-1.09989186,-0.84977975,14.84820000,-1.56740000,-1.56740000,-2.89532466,-0.37362950,0.52788590,0.92350000,0.27680000,0.27680000,-0.23796389,0.10964000,-0.29769889,0.15258000,-0.27541500,0.16176000,-0.28277039,0.15539500,-0.00568283,0.00619700,-0.05823229,0.11286200,-0.94673489,0.58204700,-0.12075278,0.18197100,0.00166389,0.00308300,0.00173539,0.00498300,-0.01600072,0.04539200,-0.01886176,0.00015405,-0.00000294,-0.00000294,-0.00568283,-0.00355950,0.00619700,0.00408300,0.00408300,,,,,,,,,,,,
DD US Equity,6/30/2005,6/30/2008,0,0%,-0.04049778,0.02794333,0.01965340,0.26448500,0.02347700,0.02347700,0.01832478,0.01977794,0.00502472,0.09230900,0.01771400,0.01771400,0.07073983,0.06643183,0.01393025,0.09710700,0.06400900,0.06400900,0.06780853,0.19035535,0.06144953,0.22978000,0.13609200,0.13609200,-0.03217219,0.01460906,-0.00584963,0.07706100,0.00000000,0.00000000,0.04265522,0.02006872,0.03487993,0.04693400,0.00814300,0.00814300,0.02791394,0.03516065,0.02321844,0.21927400,0.00583900,0.00583900,0.06442641,0.04747594,0.05382122,0.22123300,-0.00082000,-0.00082000,-0.18244071,-0.16167252,-0.17550752,-0.05446700,-0.15931800,-0.15931800,1.29140824,2.59084361,1.00290370,1.77409000,2.31376500,2.31376500,29.04642122,-0.17540944,7.71937828,32.50000000,-0.50000000,-0.50000000,-0.04160653,0.25294422,0.05275447,0.07765900,0.08630600,0.08630600,1.51144583,0.82255172,0.64614036,0.59413300,0.53429900,0.53429900,-0.55339823,-0.89067383,-0.81965836,21.27840000,-4.47420000,-4.47420000,-2.15799438,-2.35837951,-2.66070057,14.76450000,-0.29130000,-0.29130000,-0.52427578,-0.69054495,-1.02407232,12.52860000,-1.45120000,-1.45120000,-1.13592138,0.24781598,1.71113416,0.85280000,0.00600000,0.00600000,-0.16484889,0.22866000,-0.24802278,0.22311000,-0.25827667,0.17697000,-0.24903161,0.19689400,0.00150083,0.00412400,-0.05245535,0.11259900,-0.85183350,0.77575900,-0.06367861,0.25263900,0.00170561,0.00211800,0.00009106,0.00342900,-0.01873489,0.04567400,739894.78509482,0.00017203,-0.00001933,-0.00001933,0.00150083,0.00180783,0.00412400,-0.00056900,-0.00056900,,,,,,,,,,,,
DD US Equity,12/31/2005,12/31/2008,0,-40%,-0.04812244,0.00535956,0.02774856,0.25248700,-0.00076800,-0.00076800,0.01215250,0.00677456,0.01785872,0.08134700,-0.00010900,-0.00010900,0.02421783,-0.01826817,0.00227878,0.07718000,0.01207400,0.01207400,0.07240576,0.09581418,0.10821351,0.20599000,0.03484300,0.03484300,0.00262117,0.03164573,0.04108742,0.07448100,-0.00258000,-0.00258000,0.02116728,-0.01545333,0.01148161,0.03026900,-0.01071700,-0.01071700,-0.02315182,-0.03004465,-0.01942845,0.21817300,0.00283700,0.00283700,0.08975824,0.02427818,0.08455049,0.22189800,-0.00852200,-0.00852200,-0.08230376,0.04267288,-0.09271214,-0.02564000,-0.03838300,-0.03838300,-1.79038506,-1.93780212,-0.36199806,0.15505600,-0.67433800,-0.67433800,22.36249072,-6.42743839,-2.79294050,25.42000000,-6.89000000,-6.89000000,-0.11107065,-0.07317041,-0.24358796,-0.01371000,-0.11205100,-0.11205100,1.24794144,1.55365894,0.65649556,0.59413300,0.53429900,0.53429900,-0.10109301,-0.04258615,-0.69909375,34.79340000,10.41530000,10.41530000,-1.84467456,0.17360388,-1.83995120,18.15080000,1.72630000,1.72630000,-0.21922119,0.28183855,-0.81805331,13.08920000,-1.75900000,-1.75900000,-1.15269048,1.74263418,1.36900468,0.87200000,-0.05150000,-0.05150000,-0.33391667,0.15249000,-0.30685944,0.16215000,-0.27557056,0.19122000,0.03231539,0.35895000,-0.00207078,0.00174300,0.02209422,0.11840600,-0.67340739,0.93753600,-0.02884972,0.24571200,0.00643533,0.00144600,-0.01284989,0.00310800,-0.36475200,0.07378600,-0.04574814,0.00017228,0.00001822,0.00001822,-0.00207078,0.00361206,0.00174300,-0.00445400,-0.00445400,,,,,,,,,,,,
DD US Equity,6/30/2006,6/30/2009,0,-38%,-0.06932144,-0.02882367,-0.00088033,0.23842000,-0.02606500,-0.02606500,-0.01121811,-0.02954289,-0.00976494,0.06810400,-0.02420500,-0.02420500,0.06355961,-0.00718022,0.05925161,0.07032800,-0.02677900,-0.02677900,0.08300782,0.01519929,0.20555465,0.16760600,-0.06217400,-0.06217400,-0.00950556,0.02266663,0.03727569,0.05869600,-0.01836500,-0.01836500,0.00143411,-0.04122111,-0.02115239,0.01702900,-0.02990500,-0.02990500,-0.09448682,-0.12240076,-0.08724012,0.16296200,-0.05631200,-0.05631200,0.08907171,0.02464529,0.07212124,0.19357900,-0.02765400,-0.02765400,-0.05698653,0.12545418,-0.03621834,-0.00558400,0.04888300,0.04888300,-1.16684453,-2.45825276,0.13259085,-0.27981500,-2.05390500,-2.05390500,18.67634350,-10.37007772,-10.54548717,21.79000000,-10.71000000,-10.71000000,-0.54259724,-0.50099071,-0.24804649,-0.17023500,-0.24789400,-0.24789400,0.38716937,-1.12427646,-0.30172475,-0.23880600,-0.83293900,-0.83293900,-1.05385408,-0.50045585,-1.39112968,65.36080000,44.08240000,44.08240000,0.52139918,2.67939356,0.32101404,21.46510000,6.70060000,6.70060000,0.02883697,0.55311275,-0.13743220,14.71760000,2.18900000,2.18900000,-0.85027027,0.28565111,0.53346709,1.43620000,0.58340000,0.58340000,-0.20676778,0.29471000,-0.35693556,0.18962000,-0.35517500,0.18370000,0.01496747,0.40102000,-0.00176617,0.00100500,-0.01961161,0.08669800,-1.19683868,0.85669800,-0.03953463,0.24830500,-0.00625622,0.00076500,-0.02302017,0.00255400,-0.45827300,0.06174300,0.11897257,0.00011754,-0.00005449,-0.00005449,-0.00176617,-0.00326700,0.00100500,-0.00311900,-0.00311900,,,,,,,,,,,,
DD US Equity,6/30/2007,6/30/2010,0,-32%,-0.06412226,0.00519918,-0.02362449,0.25129800,0.01287800,0.01287800,-0.00513374,0.00608437,-0.02345851,0.08843000,0.02032600,0.02032600,0.03880184,-0.02475777,-0.03193799,0.11563300,0.04530500,0.04530500,0.18263839,0.09963057,0.11482986,0.31973000,0.15212400,0.15212400,-0.02299683,-0.01349128,0.00917535,0.10131200,0.04261600,0.04261600,0.04646258,0.04502847,0.00380736,0.05584900,0.03882000,0.03882000,-0.07566161,0.01882521,-0.10357555,0.24526000,0.08229800,0.08229800,0.10906500,0.01999329,0.04463859,0.27810300,0.08452400,0.08452400,-0.03095522,0.02603131,0.15148548,0.06678500,0.07236900,0.07236900,0.11448006,1.28132458,-1.17692818,0.75401900,1.03383400,1.03383400,36.02609174,17.34974824,6.97967051,40.51000000,18.72000000,18.72000000,0.06719800,0.60979524,0.10880453,0.22404000,0.39427500,0.39427500,1.82280363,1.43563426,0.31135780,1.11992600,1.35873200,1.35873200,-0.72915157,0.32470251,-0.17575334,17.91700000,-47.44380000,-47.44380000,0.32473945,-0.19665972,2.48273383,13.43260000,-8.03250000,-8.03250000,-0.09224453,-0.12108150,0.43203125,13.98850000,-0.72910000,-0.72910000,-0.97169973,-0.12142946,0.16422166,1.47410000,0.03790000,0.03790000,-0.45649944,0.15282000,-0.24982667,0.17536000,-0.32145333,0.17408000,-0.00161079,0.36252700,-0.00203926,0.00384200,0.04141626,0.13042600,-8.97395053,0.76906200,-0.03531053,0.24471800,0.00016316,0.00325000,-0.00614168,0.00503900,-0.51733972,0.05733300,0.14073178,0.00020288,0.00008533,0.00008533,-0.00203926,-0.00027310,0.00384200,0.00283700,0.00283700,,,,,,,,,,,,
DD US Equity,12/31/2008,12/31/2011,0,81%,-0.08994689,-0.03406016,-0.02163842,0.21114400,-0.04813200,-0.04813200,-0.02855732,-0.04544474,-0.02001268,0.04782300,-0.06304200,-0.06304200,0.00644937,-0.01994489,-0.06326884,0.06574100,-0.03596800,-0.03596800,0.05435853,-0.07467758,-0.16764141,0.22499600,-0.07155800,-0.07155800,-0.04372853,-0.28224997,-0.04167003,0.05244100,-0.06301300,-0.06301300,0.02541516,-0.02215874,-0.01471234,0.05041600,-0.01780700,-0.01780700,-0.14129742,-0.15278464,-0.10221336,0.16416500,-0.16017300,-0.16017300,0.07633189,-0.04527938,-0.07849734,0.27210900,-0.02992200,-0.02992200,-0.02228026,0.00009095,0.05350751,0.03917900,-0.03219000,-0.03219000,-0.31432656,0.38135872,-0.35792133,-0.32831300,-0.27748700,-0.27748700,27.28266121,-11.15012053,-5.98823684,31.29000000,-11.61000000,-11.61000000,-0.29580237,-0.43432716,2.94756658,-0.37251500,-0.65380000,-0.65380000,0.26609500,1.33688568,-0.23824563,-0.09873800,-0.00516000,-0.00516000,0.46029178,1.79367120,1.14815217,19.92160000,5.20780000,5.20780000,-1.19102640,-1.27782769,-1.57850794,9.40880000,-1.36450000,-1.36450000,-0.44397624,0.24426733,-0.41507755,10.13780000,0.15130000,0.15130000,-2.67964090,-0.88971360,-1.70409816,0.58400000,-0.93240000,-0.93240000,-0.40316526,0.38400000,-0.56138842,0.83564000,-0.44908842,0.48374000,-0.00555435,0.34565700,-0.01388921,0.00274600,-0.00513579,0.08087500,-6.91116135,1.40098700,0.00471180,0.26650800,0.00074800,0.00119300,-0.00129716,0.00324200,-0.33087690,0.04854200,0.04912341,0.00021407,-0.00005648,-0.00005648,-0.01388921,-0.01416816,0.00274600,-0.00214600,-0.00214600,,,,,,,,,,,,
DD US Equity,6/30/2009,6/30/2012,0,97%,-0.12507905,-0.07836726,-0.06095679,0.18449700,-0.07720200,-0.07720200,-0.07199305,-0.09856363,-0.06685931,-0.00577400,-0.11935600,-0.11935600,-0.02328910,-0.05963821,-0.06209094,0.02395100,-0.08354800,-0.08354800,-0.02563695,-0.15111706,-0.20827534,0.06380900,-0.22422200,-0.22422200,-0.06463242,-0.28811981,-0.04163559,-0.00920400,-0.12081100,-0.12081100,0.01596920,-0.01152617,-0.03049338,0.07783900,0.03602300,0.03602300,-0.21647763,-0.23875641,-0.14081602,-0.01557600,-0.32086600,-0.32086600,-0.01086505,-0.13203266,-0.11993005,0.12879000,-0.15950100,-0.15950100,-0.02838237,-0.01232726,0.00257285,-0.13595100,-0.23363700,-0.23363700,-0.90285594,-0.89908289,-1.01733600,-0.80748500,-0.82795600,-0.82795600,31.85631515,1.11063236,-4.16977659,36.07000000,1.33000000,1.33000000,-0.53160547,-0.75566205,-0.59880347,-0.73251400,-1.00783500,-1.00783500,4.51556189,4.49443668,2.69275826,4.66904600,5.36596000,5.36596000,-0.11016869,-0.64412889,0.61898288,12.84110000,-11.21710000,-11.21710000,-0.14188010,-0.47021731,-0.46661955,8.75140000,-4.96520000,-4.96520000,0.27019379,1.07904427,0.36243832,23.78780000,14.18260000,14.18260000,-3.38528704,-0.90718502,-2.41358731,0.75790000,-1.00960000,-1.00960000,-0.18417600,0.31537000,-0.29237947,0.46723000,-0.43128632,0.58807000,0.08130660,0.42406700,-0.00845475,0.00272900,-0.14680968,-0.00748700,-6.80397090,1.43139400,0.03269485,0.29380600,-0.00676515,0.00174000,-0.00876710,0.00348200,-0.01168345,0.04495800,0.12355218,-0.00003275,-0.00028123,-0.00028123,-0.00845475,-0.00670464,0.00272900,0.00030400,0.00030400,,,,,,,,,,,,
DD US Equity,12/31/2009,12/31/2012,0,34%,-0.07463235,0.01531454,-0.01874561,0.24516500,0.03402100,0.03402100,0.01051310,0.03907042,-0.00637432,0.05258700,0.00476400,0.00476400,0.05342380,0.04697443,0.02702954,0.06721800,0.00147700,0.00147700,0.12937995,0.07502142,0.00034384,0.25169500,0.02669900,0.02669900,-0.00019260,0.04353593,-0.23871404,0.08018200,0.02774100,0.02774100,0.06888870,0.04347354,0.02131481,0.15158700,0.10117100,0.10117100,-0.04504420,0.09625322,-0.05653142,0.19803800,0.03387300,0.03387300,0.14535245,0.06902056,0.02374117,0.30628200,0.03417300,0.03417300,0.01034837,0.03262863,0.03271958,-0.14478000,-0.18395900,-0.18395900,0.10278337,0.41710992,0.79846865,-0.12556100,0.20275200,0.20275200,53.69748760,26.41482639,15.26470586,59.21000000,27.92000000,27.92000000,-0.29539179,0.00041058,-0.43391658,-0.00964200,0.36287300,0.36287300,0.83521035,0.56911535,1.90600103,0.66231400,0.76105200,0.76105200,-1.12868998,-1.58898176,0.20468944,6.60350000,-13.31810000,-13.31810000,-1.29533100,-0.10430460,-1.38213229,6.08030000,-3.32850000,-3.32850000,-0.25646177,0.18751447,0.43178181,12.51790000,2.38010000,2.38010000,-3.19828705,-0.51864614,-1.40835975,1.09300000,0.50900000,0.50900000,-0.22438600,0.13796000,-0.22591263,0.30904000,-0.33336895,0.45217000,-0.12121635,0.26208200,0.00516660,0.00904400,0.06255032,0.07651800,-6.89588170,1.58125500,0.04677935,0.28896200,-0.03019015,0.00418100,-0.04489910,0.00536600,-0.11948710,0.04399500,0.10732353,0.00027940,0.00006533,0.00006533,0.00516660,0.01905581,0.00904400,0.00629800,0.00629800,,,,,,,,,,,,
DD US Equity,6/30/2010,6/30/2013,0,52%,-0.05134890,0.07373015,-0.00463711,0.27761200,0.09311500,0.09311500,0.05317930,0.12517235,0.02660872,0.10536000,0.11113400,0.11113400,0.15653475,0.17982385,0.12018564,0.10644500,0.08249400,0.08249400,0.21577950,0.24141645,0.09029939,0.39529900,0.33149000,0.33149000,0.01171370,0.07634612,-0.21177369,0.13383600,0.14304000,0.14304000,0.07744185,0.06147265,0.04994648,0.13914400,0.06130500,0.06130500,0.10685495,0.32333258,0.08457617,0.39251900,0.40809500,0.40809500,0.17946775,0.19033280,0.05830014,0.36088100,0.23209100,0.23209100,0.07221190,0.10059427,0.08826701,0.09811500,0.23406600,0.23406600,2.05060279,2.95345873,2.05437585,3.88024900,4.68773400,4.68773400,49.40443120,17.54811605,18.65874841,54.52000000,18.45000000,18.45000000,1.79648900,2.32809447,1.57243242,2.42275800,3.15527200,3.15527200,-0.64156150,-5.15712339,-0.66268671,-0.34038700,-5.00943300,-5.00943300,-0.31506379,-0.20489510,-0.84902399,7.17070000,-5.67040000,-5.67040000,-0.34357850,-0.20169840,-0.67191571,7.02710000,-1.72430000,-1.72430000,-1.56979952,-1.83999331,-0.76094904,8.43500000,-15.35280000,-15.35280000,-3.27089460,0.11439244,-0.79279258,0.87910000,0.12120000,0.12120000,-0.13579700,0.22479000,-0.24986500,0.34463000,-0.31979450,0.30692000,0.09233850,0.32142100,-0.00244590,0.00631400,-0.09050455,0.16446900,-6.92054910,1.19082500,0.02923430,0.27121300,-0.02694130,0.00426600,-0.05279935,0.00533000,-0.01528165,0.04342500,0.10234803,0.00044058,0.00047333,0.00047333,-0.00244590,0.00600885,0.00631400,0.00358500,0.00358500,,,,,,,,,,,,
DD US Equity,12/31/2010,12/31/2013,0,30%,-0.06131105,0.01332130,0.02863584,0.26532300,0.02015800,0.02015800,0.01691705,0.00640395,0.04547437,0.09754000,0.04495300,0.04495300,0.04970075,-0.00372305,0.04325138,0.09620700,0.02898900,0.02898900,0.16197265,0.03259270,0.10761412,0.37717700,0.12548200,0.12548200,0.03160545,0.03179805,0.07533398,0.17261800,0.09243600,0.09243600,0.02498415,-0.04390455,-0.00043101,0.06668100,-0.08490600,-0.08490600,0.09384120,0.13888540,0.23513862,0.38366900,0.18563100,0.18563100,0.21916095,0.07380850,0.14282906,0.37468000,0.06839800,0.06839800,0.07244975,0.06210138,0.09473001,0.20667200,0.35145200,0.35145200,-0.58308075,-0.68586412,-0.26875419,0.72706600,0.85262700,0.85262700,40.69680520,-13.00068240,13.41414399,45.59000000,-13.62000000,-13.62000000,0.16586390,0.46125569,0.46166627,0.54833100,0.55797300,0.55797300,0.02841275,-0.80679760,-0.23768225,0.15985000,-0.50246400,-0.50246400,0.15778974,1.28647972,-0.30250204,14.99500000,8.39150000,8.39150000,0.22979274,1.52512374,1.42081914,10.95120000,4.87090000,4.87090000,-1.79147922,-1.53501745,-1.34750298,11.21190000,-1.30600000,-1.30600000,-1.95811144,1.24017561,0.72152947,2.64860000,1.55560000,1.55560000,-0.12488700,0.06793000,-0.27908850,0.18013000,-0.31404750,0.25431000,-3.41870650,0.17333700,0.01034340,0.00881500,0.11005460,0.15882000,-6.86200345,1.13593600,0.02841405,0.25414500,-0.01045775,0.00297100,-0.01971230,0.00443900,-0.04349150,0.06027000,0.08835293,0.00041254,0.00013314,0.00013314,0.01034340,0.00517680,0.00881500,-0.00022900,-0.00022900,,,,,,,,,,,,
DD US Equity,6/30/2011,6/30/2014,0,21%,-0.06163550,-0.01028660,0.06344355,0.26842100,-0.00919100,-0.00919100,-0.00232495,-0.05550425,0.06966810,0.10915500,0.00379500,0.00379500,-0.05040355,-0.20693830,-0.02711445,0.09774400,-0.00870100,-0.00870100,0.07961690,-0.13616260,0.10525385,0.33197500,-0.06332400,-0.06332400,-0.15671050,-0.16842420,-0.09207808,0.15698800,0.02315200,0.02315200,0.00393440,-0.07350745,-0.01203480,0.05146600,-0.08767800,-0.08767800,0.04103420,-0.06582075,0.25751183,0.37182800,-0.02069100,-0.02069100,0.19425680,0.01478905,0.20512185,0.40179100,0.04091000,0.04091000,0.00870590,-0.06350600,0.03708827,0.17717100,0.07905600,0.07905600,-0.63503095,-2.68563374,0.26782499,0.08094300,-3.79930600,-3.79930600,39.01525475,-10.38917645,7.15893960,43.39000000,-11.13000000,-11.13000000,-0.90648740,-2.70297640,-0.37488193,0.14288900,-2.27986900,-2.27986900,-0.26599765,0.37556385,-4.78155954,0.26872300,0.60911000,0.60911000,-0.17795526,0.13710854,-0.06778656,18.98370000,11.81300000,11.81300000,0.63392674,0.97750524,0.77580685,14.60110000,7.57400000,7.57400000,0.28186792,1.85166744,0.01167413,12.20470000,3.76970000,3.76970000,-1.83860233,1.43229227,1.54668471,1.76350000,0.88440000,0.88440000,-0.12980400,0.17940000,-0.23428450,0.22538000,-0.29072050,0.21954000,0.26397365,0.45109500,-0.00010015,0.00228900,-0.03372415,0.16187300,-7.05548560,1.25538800,0.07732520,0.30995500,-0.00971980,0.00175000,-0.01084120,0.00293300,-0.00219330,0.05179000,0.16094094,0.00024833,-0.00019225,-0.00019225,-0.00010015,0.00234575,0.00228900,-0.00402500,-0.00402500,,,,,,,,,,,,
DD US Equity,12/31/2011,12/31/2014,0,62%,-0.06695440,-0.00564335,0.00767795,0.26510000,-0.00022300,-0.00022300,-0.01618515,-0.03310220,-0.02669825,0.10439100,0.00685100,0.00685100,-0.04061555,-0.09031630,-0.09403935,0.09709600,0.00088900,0.00088900,0.16719780,0.00522515,0.03781785,0.39846000,0.02128300,0.02128300,-0.11902925,-0.15063470,-0.11883665,0.18749500,0.01487700,0.01487700,0.03189210,0.00690795,-0.03699660,0.07804600,0.01136500,0.01136500,0.10227445,0.00843325,0.14731865,0.42938400,0.04571500,0.04571500,0.16281070,-0.05635025,0.01745825,0.39809700,0.02341700,0.02341700,-0.04638495,-0.11883470,-0.05673332,0.13566100,-0.07101100,-0.07101100,-0.65998930,-0.07690855,-0.76277267,0.14615600,-0.58091000,-0.58091000,46.58114580,5.88434060,-7.11634180,51.52000000,5.93000000,5.93000000,-0.47693875,-0.64280265,-0.18154696,0.18908600,-0.35924500,-0.35924500,0.34616660,0.31775385,-0.48904375,0.01328300,-0.14656700,-0.14656700,-0.24922679,-0.40701653,0.87946319,12.83690000,-2.15810000,-2.15810000,0.36000573,0.13021299,1.65533673,10.02290000,-0.92830000,-0.92830000,0.13290755,1.92438677,0.38936932,9.75220000,-1.45970000,-1.45970000,-1.36778914,0.59032229,1.83049790,0.99970000,-1.64890000,-1.64890000,-0.11794050,0.27559000,-0.27504000,0.34965000,-0.31104900,0.30679000,0.20292070,0.39481800,0.00393255,0.00424100,-0.04226715,0.17944700,-6.71251865,1.50227400,0.02804545,0.25886700,-0.03894565,0.00263600,-0.04810470,0.00410400,-0.01151365,0.04206300,0.12215151,0.00034437,-0.00006817,-0.00006817,0.00393255,-0.00641085,0.00424100,-0.00457400,-0.00457400,,,,,,,,,,,,
